20 21  2
300  20   1
100
0
1.0e-4
2
1
0
0

0	0	0
0.13715	0	0
0.2743	0	0
0.41145	0	0
0.5486	0	0
0.68575	0	0
0.8229	0	0
0.96005	0	0
1.0972	0	0
1.23435	0	0
1.3715	0	0
1.50865	0	0
1.6458	0	0
1.78295	0	0
1.9201	0	0
2.05725	0	0
2.1944	0	0
2.33155	0	0
2.4687	0	0
2.60585	0	0
2.743	0	0







1	2	0	0	0	0	0	0	7	1
2	3	0	0	0	0	0	0	7	1
3	4	0	0	0	0	0	0	7	1
4	5	0	0	0	0	0	0	7	1
5	6	0	0	0	0	0	0	7	1
6	7	0	0	0	0	0	0	7	1
7	8	0	0	0	0	0	0	7	1
8	9	0	0	0	0	0	0	7	1
9	10	0	0	0	0	0	0	7	1
10	11	0	0	0	0	0	0	7	1
11	12	0	0	0	0	0	0	7	1
12	13	0	0	0	0	0	0	7	1
13	14	0	0	0	0	0	0	7	1
14	15	0	0	0	0	0	0	7	1
15	16	0	0	0	0	0	0	7	1
16	17	0	0	0	0	0	0	7	1
17	18	0	0	0	0	0	0	7	1
18	19	0	0	0	0	0	0	7	1
19	20	0	0	0	0	0	0	7	1
20	21	0	0	0	0	0	0	7	1

1	
0.000111208	3234372.949
0	0
-0.000243432	-6726000
-0.000486864	-12744000
-0.000730296	-18054000
-0.000973728	-22656000
-0.00121716	-26550000
-0.001460592	-29736000
-0.001704024	-32214000
-0.001947456	-33984000
-0.002190888	-35046000
-0.00243432	-35400000
0.18	0
0	0
0	








2	
1	2.00E11
-1	-2.00E11
0	0
0	0
0	0
0	0
0	0
0	0
0	0
0	0
0	0
0	0
0.13	0
0	0
0	


1	1	0	1
1	2	0	1
21	2	0	1
1	1	0	2
1	2	0	2
21	2	0	2
1	1	0	3
1	2	0	3
21	2	0	3
1	1	0	4
1	2	0	4
21	2	0	4
1	1	0	5
1	2	0	5
21	2	0	5
1	1	0	6
1	2	0	6
21	2	0	6
1	1	0	7
1	2	0	7
21	2	0	7
1	1	0	8
1	2	0	8
21	2	0	8
1	1	0	9
1	2	0	9
21	2	0	9
1	1	0	10
1	2	0	10
21	2	0	10
1	1	0	11
1	2	0	11
21	2	0	11
1	1	0	12
1	2	0	12
21	2	0	12
1	1	0	13
1	2	0	13
21	2	0	13
1	1	0	14
1	2	0	14
21	2	0	14
1	1	0	15
1	2	0	15
21	2	0	15
1	1	0	16
1	2	0	16
21	2	0	16
1	1	0	17
1	2	0	17
21	2	0	17
1	1	0	18
1	2	0	18
21	2	0	18
1	1	0	19
1	2	0	19
21	2	0	19
1	1	0	20
1	2	0	20
21	2	0	20
1	1	0	21
1	2	0	21
21	2	0	21
1	1	0	22
1	2	0	22
21	2	0	22
1	1	0	23
1	2	0	23
21	2	0	23
1	1	0	24
1	2	0	24
21	2	0	24
1	1	0	25
1	2	0	25
21	2	0	25
1	1	0	26
1	2	0	26
21	2	0	26
1	1	0	27
1	2	0	27
21	2	0	27
1	1	0	28
1	2	0	28
21	2	0	28
1	1	0	29
1	2	0	29
21	2	0	29
1	1	0	30
1	2	0	30
21	2	0	30
1	1	0	31
1	2	0	31
21	2	0	31
1	1	0	32
1	2	0	32
21	2	0	32
1	1	0	33
1	2	0	33
21	2	0	33
1	1	0	34
1	2	0	34
21	2	0	34
1	1	0	35
1	2	0	35
21	2	0	35
1	1	0	36
1	2	0	36
21	2	0	36
1	1	0	37
1	2	0	37
21	2	0	37
1	1	0	38
1	2	0	38
21	2	0	38
1	1	0	39
1	2	0	39
21	2	0	39
1	1	0	40
1	2	0	40
21	2	0	40
1	1	0	41
1	2	0	41
21	2	0	41
1	1	0	42
1	2	0	42
21	2	0	42
1	1	0	43
1	2	0	43
21	2	0	43
1	1	0	44
1	2	0	44
21	2	0	44
1	1	0	45
1	2	0	45
21	2	0	45
1	1	0	46
1	2	0	46
21	2	0	46
1	1	0	47
1	2	0	47
21	2	0	47
1	1	0	48
1	2	0	48
21	2	0	48
1	1	0	49
1	2	0	49
21	2	0	49
1	1	0	50
1	2	0	50
21	2	0	50
1	1	0	51
1	2	0	51
21	2	0	51
1	1	0	52
1	2	0	52
21	2	0	52
1	1	0	53
1	2	0	53
21	2	0	53
1	1	0	54
1	2	0	54
21	2	0	54
1	1	0	55
1	2	0	55
21	2	0	55
1	1	0	56
1	2	0	56
21	2	0	56
1	1	0	57
1	2	0	57
21	2	0	57
1	1	0	58
1	2	0	58
21	2	0	58
1	1	0	59
1	2	0	59
21	2	0	59
1	1	0	60
1	2	0	60
21	2	0	60
1	1	0	61
1	2	0	61
21	2	0	61
1	1	0	62
1	2	0	62
21	2	0	62
1	1	0	63
1	2	0	63
21	2	0	63
1	1	0	64
1	2	0	64
21	2	0	64
1	1	0	65
1	2	0	65
21	2	0	65
1	1	0	66
1	2	0	66
21	2	0	66
1	1	0	67
1	2	0	67
21	2	0	67
1	1	0	68
1	2	0	68
21	2	0	68
1	1	0	69
1	2	0	69
21	2	0	69
1	1	0	70
1	2	0	70
21	2	0	70
1	1	0	71
1	2	0	71
21	2	0	71
1	1	0	72
1	2	0	72
21	2	0	72
1	1	0	73
1	2	0	73
21	2	0	73
1	1	0	74
1	2	0	74
21	2	0	74
1	1	0	75
1	2	0	75
21	2	0	75
1	1	0	76
1	2	0	76
21	2	0	76
1	1	0	77
1	2	0	77
21	2	0	77
1	1	0	78
1	2	0	78
21	2	0	78
1	1	0	79
1	2	0	79
21	2	0	79
1	1	0	80
1	2	0	80
21	2	0	80
1	1	0	81
1	2	0	81
21	2	0	81
1	1	0	82
1	2	0	82
21	2	0	82
1	1	0	83
1	2	0	83
21	2	0	83
1	1	0	84
1	2	0	84
21	2	0	84
1	1	0	85
1	2	0	85
21	2	0	85
1	1	0	86
1	2	0	86
21	2	0	86
1	1	0	87
1	2	0	87
21	2	0	87
1	1	0	88
1	2	0	88
21	2	0	88
1	1	0	89
1	2	0	89
21	2	0	89
1	1	0	90
1	2	0	90
21	2	0	90
1	1	0	91
1	2	0	91
21	2	0	91
1	1	0	92
1	2	0	92
21	2	0	92
1	1	0	93
1	2	0	93
21	2	0	93
1	1	0	94
1	2	0	94
21	2	0	94
1	1	0	95
1	2	0	95
21	2	0	95
1	1	0	96
1	2	0	96
21	2	0	96
1	1	0	97
1	2	0	97
21	2	0	97
1	1	0	98
1	2	0	98
21	2	0	98
1	1	0	99
1	2	0	99
21	2	0	99
1	1	0	100
1	2	0	100
21	2	0	100


2	1	2	-1316.312533	1
2	2	2	-1316.312533	1
2	3	2	-1316.312533	1
2	4	2	-1316.312533	1
2	5	2	-1316.312533	1
2	6	2	-1316.312533	1
2	7	2	-1316.312533	1
2	8	2	-1316.312533	1
2	9	2	-1316.312533	1
2	10	2	-1316.312533	1
2	11	2	-1316.312533	1
2	12	2	-1316.312533	1
2	13	2	-1316.312533	1
2	14	2	-1316.312533	1
2	15	2	-1316.312533	1
2	16	2	-1316.312533	1
2	17	2	-1316.312533	1
2	18	2	-1316.312533	1
2	19	2	-1316.312533	1
2	20	2	-1316.312533	1






0	0	1	0
0.003175	0	0.00064516	1
0.009525	0	0.00064516	1
0.015875	0	0.00064516	1
0.022225	0	0.00064516	1
0.028575	0	0.00064516	1
0.034925	0	0.00064516	1
0.041275	0	0.00064516	1
0.047625	0	0.00064516	1
0.053975	0	0.00064516	1
0.060325	0	0.00064516	1
0.066675	0	0.00064516	1
0.073025	0	0.00064516	1
0.079375	0	0.00064516	1
0.085725	0	0.00064516	1
0.092075	0	0.00064516	1
0.098425	0	0.00064516	1
0.104775	0	0.00064516	1
0.111125	0	0.00064516	1
0.117475	0	0.00064516	1
0.123825	0	0.00064516	1
0.0254	0	2.14E-04	2
0	0	0	0
0	0	0	0
0	0	0	0
0	0	0	0
0	0	0	0
0	0	0	0
0	0	0	0
0	0	0	0




1	1	1	1	1	1	1	1	1	1
1	1	1	1	1	1	1	1	1	1
1	1	1	1	1	1	1	1	1	1
1	1	1	1	1	1	1	1	1	1
1	1	1	1	1	1	1	1	1	1
1	1	1	1	1	1	1	1	1	1
1	1	1	1	1	1	1	1	1	1
1	1	1	1	1	1	1	1	1	1
1	1	1	1	1	1	1	1	1	1
1	1	1	1	1	1	1	1	1	1
1	1	1	1	1	1	1	1	1	1
1	1	1	1	1	1	1	1	1	1
1	1	1	1	1	1	1	1	1	1
1	1	1	1	1	1	1	1	1	1
1	1	1	1	1	1	1	1	1	1
1	1	1	1	1	1	1	1	1	1
1	1	1	1	1	1	1	1	1	1
1	1	1	1	1	1	1	1	1	1
1	1	1	1	1	1	1	1	1	1
1	1	1	1	1	1	1	1	1	1
1	1	1	1	1	1	1	1	1	1
1	1	1	1	1	1	1	1	1	1
1	1	1	1	1	1	1	1	1	1
1	1	1	1	1	1	1	1	1	1
1	1	1	1	1	1	1	1	1	1
1	1	1	1	1	1	1	1	1	1
1	1	1	1	1	1	1	1	1	1
1	1	1	1	1	1	1	1	1	1
1	1	1	1	1	1	1	1	1	1
1	1	1	1	1	1	1	1	1	1
1	1	1	1	1	1	1	1	1	1
1	1	1	1	1	1	1	1	1	1
1	1	1	1	1	1	1	1	1	1
1	1	1	1	1	1	1	1	1	1
1	1	1	1	1	1	1	1	1	1
1	1	1	1	1	1	1	1	1	1
1	1	1	1	1	1	1	1	1	1
1	1	1	1	1	1	1	1	1	1
1	1	1	1	1	1	1	1	1	1
1	1	1	1	1	1	1	1	1	1
1	1	1	1	1	1	1	1	1	1
1	1	1	1	1	1	1	1	1	1
1	1	1	1	1	1	1	1	1	1
1	1	1	1	1	1	1	1	1	1
1	1	1	1	1	1	1	1	1	1
1	1	1	1	1	1	1	1	1	1
1	1	1	1	1	1	1	1	1	1
1	1	1	1	1	1	1	1	1	1
1	1	1	1	1	1	1	1	1	1
1	1	1	1	1	1	1	1	1	1
1	1	1	1	1	1	1	1	1	1
1	1	1	1	1	1	1	1	1	1
1	1	1	1	1	1	1	1	1	1
1	1	1	1	1	1	1	1	1	1
1	1	1	1	1	1	1	1	1	1
1	1	1	1	1	1	1	1	1	1
1	1	1	1	1	1	1	1	1	1
1	1	1	1	1	1	1	1	1	1
1	1	1	1	1	1	1	1	1	1
1	1	1	1	1	1	1	1	1	1
1	1	1	1	1	1	1	1	1	1
1	1	1	1	1	1	1	1	1	1
1	1	1	1	1	1	1	1	1	1
1	1	1	1	1	1	1	1	1	1
1	1	1	1	1	1	1	1	1	1
1	1	1	1	1	1	1	1	1	1
1	1	1	1	1	1	1	1	1	1
1	1	1	1	1	1	1	1	1	1
1	1	1	1	1	1	1	1	1	1
1	1	1	1	1	1	1	1	1	1
1	1	1	1	1	1	1	1	1	1
1	1	1	1	1	1	1	1	1	1
1	1	1	1	1	1	1	1	1	1
1	1	1	1	1	1	1	1	1	1
1	1	1	1	1	1	1	1	1	1
1	1	1	1	1	1	1	1	1	1
1	1	1	1	1	1	1	1	1	1
1	1	1	1	1	1	1	1	1	1
1	1	1	1	1	1	1	1	1	1
1	1	1	1	1	1	1	1	1	1
1	1	1	1	1	1	1	1	1	1
1	1	1	1	1	1	1	1	1	1
1	1	1	1	1	1	1	1	1	1
1	1	1	1	1	1	1	1	1	1
1	1	1	1	1	1	1	1	1	1
1	1	1	1	1	1	1	1	1	1
1	1	1	1	1	1	1	1	1	1
1	1	1	1	1	1	1	1	1	1
1	1	1	1	1	1	1	1	1	1
1	1	1	1	1	1	1	1	1	1
1	1	1	1	1	1	1	1	1	1
1	1	1	1	1	1	1	1	1	1
1	1	1	1	1	1	1	1	1	1
1	1	1	1	1	1	1	1	1	1
1	1	1	1	1	1	1	1	1	1
1	1	1	1	1	1	1	1	1	1
1	1	1	1	1	1	1	1	1	1
1	1	1	1	1	1	1	1	1	1
1	1	1	1	1	1	1	1	1	1
1	1	1	1	1	1	1	1	1	1
1	1	1	1	1	1	1	1	1	1
1	1	1	1	1	1	1	1	1	1
1	1	1	1	1	1	1	1	1	1
1	1	1	1	1	1	1	1	1	1
1	1	1	1	1	1	1	1	1	1
1	1	1	1	1	1	1	1	1	1
1	1	1	1	1	1	1	1	1	1
1	1	1	1	1	1	1	1	1	1
1	1	1	1	1	1	1	1	1	1
1	1	1	1	1	1	1	1	1	1
1	1	1	1	1	1	1	1	1	1
1	1	1	1	1	1	1	1	1	1
1	1	1	1	1	1	1	1	1	1
1	1	1	1	1	1	1	1	1	1
1	1	1	1	1	1	1	1	1	1
1	1	1	1	1	1	1	1	1	1
1	1	1	1	1	1	1	1	1	1
1	1	1	1	1	1	1	1	1	1
1	1	1	1	1	1	1	1	1	1
1	1	1	1	1	1	1	1	1	1
1	1	1	1	1	1	1	1	1	1
1	1	1	1	1	1	1	1	1	1
1	1	1	1	1	1	1	1	1	1
1	1	1	1	1	1	1	1	1	1
1	1	1	1	1	1	1	1	1	1
1	1	1	1	1	1	1	1	1	1
1	1	1	1	1	1	1	1	1	1
1	1	1	1	1	1	1	1	1	1
1	1	1	1	1	1	1	1	1	1
1	1	1	1	1	1	1	1	1	1
1	1	1	1	1	1	1	1	1	1
1	1	1	1	1	1	1	1	1	1
1	1	1	1	1	1	1	1	1	1
1	1	1	1	1	1	1	1	1	1
1	1	1	1	1	1	1	1	1	1
1	1	1	1	1	1	1	1	1	1
1	1	1	1	1	1	1	1	1	1
1	1	1	1	1	1	1	1	1	1
1	1	1	1	1	1	1	1	1	1
1	1	1	1	1	1	1	1	1	1
1	1	1	1	1	1	1	1	1	1
1	1	1	1	1	1	1	1	1	1
1	1	1	1	1	1	1	1	1	1
1	1	1	1	1	1	1	1	1	1
1	1	1	1	1	1	1	1	1	1
1	1	1	1	1	1	1	1	1	1
1	1	1	1	1	1	1	1	1	1
1	1	1	1	1	1	1	1	1	1
1	1	1	1	1	1	1	1	1	1
1	1	1	1	1	1	1	1	1	1
1	1	1	1	1	1	1	1	1	1
1	1	1	1	1	1	1	1	1	1
1	1	1	1	1	1	1	1	1	1
1	1	1	1	1	1	1	1	1	1
1	1	1	1	1	1	1	1	1	1
1	1	1	1	1	1	1	1	1	1
1	1	1	1	1	1	1	1	1	1
1	1	1	1	1	1	1	1	1	1
1	1	1	1	1	1	1	1	1	1
1	1	1	1	1	1	1	1	1	1
1	1	1	1	1	1	1	1	1	1
1	1	1	1	1	1	1	1	1	1
1	1	1	1	1	1	1	1	1	1
1	1	1	1	1	1	1	1	1	1
1	1	1	1	1	1	1	1	1	1
1	1	1	1	1	1	1	1	1	1
1	1	1	1	1	1	1	1	1	1
1	1	1	1	1	1	1	1	1	1
1	1	1	1	1	1	1	1	1	1
1	1	1	1	1	1	1	1	1	1
1	1	1	1	1	1	1	1	1	1
1	1	1	1	1	1	1	1	1	1
1	1	1	1	1	1	1	1	1	1
1	1	1	1	1	1	1	1	1	1
1	1	1	1	1	1	1	1	1	1
1	1	1	1	1	1	1	1	1	1
1	1	1	1	1	1	1	1	1	1
1	1	1	1	1	1	1	1	1	1
1	1	1	1	1	1	1	1	1	1
1	1	1	1	1	1	1	1	1	1
1	1	1	1	1	1	1	1	1	1
1	1	1	1	1	1	1	1	1	1
1	1	1	1	1	1	1	1	1	1
1	1	1	1	1	1	1	1	1	1
1	1	1	1	1	1	1	1	1	1
1	1	1	1	1	1	1	1	1	1
1	1	1	1	1	1	1	1	1	1
1	1	1	1	1	1	1	1	1	1
1	1	1	1	1	1	1	1	1	1
1	1	1	1	1	1	1	1	1	1
1	1	1	1	1	1	1	1	1	1
1	1	1	1	1	1	1	1	1	1
1	1	1	1	1	1	1	1	1	1
1	1	1	1	1	1	1	1	1	1
1	1	1	1	1	1	1	1	1	1
1	1	1	1	1	1	1	1	1	1
1	1	1	1	1	1	1	1	1	1
1	1	1	1	1	1	1	1	1	1
1	1	1	1	1	1	1	1	1	1
1	1	1	1	1	1	1	1	1	1

10	10	10	10	10	10	10	10	10	10
10	10	10	10	10	10	10	10	10	10
10	10	10	10	10	10	10	10	10	10
10	10	10	10	10	10	10	10	10	10
10	10	10	10	10	10	10	10	10	10
10	10	10	10	10	10	10	10	10	10
10	10	10	10	10	10	10	10	10	10
10	10	10	10	10	10	10	10	10	10
10	10	10	10	10	10	10	10	10	10
10	10	10	10	10	10	10	10	10	10

1	28	28
2	28	28.5
3	28.5	29
4	29	29.5
5	29.5	30
6	30	30.5
7	30.5	31
8	31	31.5
9	31.5	32
10	32	32.5
11	32.5	33
12	33	33.5
13	33.5	34
14	34	34.5
15	34.5	35
16	35	35.5
17	35.5	36
18	36	36.5
19	36.5	37
20	37	37.5
21	37.5	38
22	38	38.5
23	38.5	39
24	39	39.5
25	39.5	40
26	40	40.5
27	40.5	41
28	41	41.5
29	41.5	42
30	42	42.5
31	42.5	43
32	43	43.5
33	43.5	44
34	44	44.5
35	44.5	45
36	45	45.5
37	45.5	46
38	46	46.5
39	46.5	47
40	47	47.5
41	47.5	48
42	48	48.5
43	48.5	49
44	49	49.5
45	49.5	50
46	50	50.5
47	50.5	51
48	51	51.5
49	51.5	52
50	52	52.5
51	52.5	53
52	53	53.5
53	53.5	54
54	54	54.5
55	54.5	55
56	55	55.5
57	55.5	56
58	56	56.5
59	56.5	57
60	57	57.5
61	57.5	58
62	58	58.5
63	58.5	59
64	59	59.5
65	59.5	60
66	60	60.5
67	60.5	61
68	61	61.5
69	61.5	62
70	62	62.5
71	62.5	63
72	63	63.5
73	63.5	64
74	64	64.5
75	64.5	65
76	65	65.5
77	65.5	66
78	66	66.5
79	66.5	67
80	67	68
81	68	69
82	69	70
83	70	71
84	71	72
85	72	73
86	73	74
87	74	75
88	75	76
89	76	77
90	77	78
91	78	79
92	79	80
93	80	81
94	81	82
95	82	83
96	83	84
97	84	85
98	85	86
99	86	87
100	87	88








1	0	1	28.22222222	0.5	0.000828517	3	0	0	0	0	0	0	0	3
2	0	1	28.22222222	0.5	0.000828517	3	0	0	0	0	0	0	0	3
3	0	1	28.22222222	0.5	0.000828517	3	0	0	0	0	0	0	0	3
4	0	1	28.22222222	0.5	0.000828517	3	0	0	0	0	0	0	0	3
5	0	1	28.22222222	0.5	0.000828517	3	0	0	0	0	0	0	0	3
6	0	1	28.22222222	0.5	0.000828517	3	0	0	0	0	0	0	0	3
7	0	1	28.22222222	0.5	0.000828517	3	0	0	0	0	0	0	0	3
8	0	1	28.22222222	0.5	0.000828517	3	0	0	0	0	0	0	0	3
9	0	1	28.22222222	0.5	0.000828517	3	0	0	0	0	0	0	0	3
10	0	1	28.22222222	0.5	0.000828517	3	0	0	0	0	0	0	0	3
11	0	1	28.22222222	0.5	0.000828517	3	0	0	0	0	0	0	0	3
12	0	1	28.22222222	0.5	0.000828517	3	0	0	0	0	0	0	0	3
13	0	1	28.22222222	0.5	0.000828517	3	0	0	0	0	0	0	0	3
14	0	1	28.22222222	0.5	0.000828517	3	0	0	0	0	0	0	0	3
15	0	1	28.22222222	0.5	0.000828517	3	0	0	0	0	0	0	0	3
16	0	1	28.22222222	0.5	0.000828517	3	0	0	0	0	0	0	0	3
17	0	1	28.22222222	0.5	0.000828517	3	0	0	0	0	0	0	0	3
18	0	1	28.22222222	0.5	0.000828517	3	0	0	0	0	0	0	0	3
19	0	1	28.22222222	0.5	0.000828517	3	0	0	0	0	0	0	0	3
20	0	1	28.22222222	0.5	0.000828517	3	0	0	0	0	0	0	0	3




28	0.999985634
38	1.021456493
48	1.035688582
58	1.045925955
68	1.053699318
78	1.059834032
88	1.064817897
98	1.068959296
108	1.07246353
118	1.075472999




