30	31	1
120	30	1
10		
0		
1.00E-05		
1		
1		
0		
0		

0.000 	0.000 	0.000 
400.000 	338.872 	0.000 
800.000 	646.255 	0.000 
1200.000 	923.999 	0.000 
1600.000 	1173.772 	0.000 
2000.000 	1397.079 	0.000 
2400.000 	1595.260 	0.000 
2800.000 	1769.509 	0.000 
3200.000 	1920.874 	0.000 
3600.000 	2050.264 	0.000 
4000.000 	2158.459 	0.000 
4400.000 	2246.107 	0.000 
4800.000 	2313.738 	0.000 
5200.000 	2361.757 	0.000 
5600.000 	2390.454 	0.000 
6000.000 	2400.000 	0.000 
6400.000 	2390.454 	0.000 
6800.000 	2361.757 	0.000 
7200.000 	2313.738 	0.000 
7600.000 	2246.107 	0.000 
8000.000 	2158.459 	0.000 
8400.000 	2050.264 	0.000 
8800.000 	1920.874 	0.000 
9200.000 	1769.509 	0.000 
9600.000 	1595.260 	0.000 
10000.000 	1397.079 	0.000 
10400.000 	1173.772 	0.000 
10800.000 	923.999 	0.000 
11200.000 	646.255 	0.000 
11600.000 	338.872 	0.000 
12000.000 	0.000 	0.000 

1	2	0	0	0	0	0	0	7	1
2	3	0	0	0	0	0	0	7	1
3	4	0	0	0	0	0	0	7	1
4	5	0	0	0	0	0	0	7	1
5	6	0	0	0	0	0	0	7	1
6	7	0	0	0	0	0	0	7	1
7	8	0	0	0	0	0	0	7	1
8	9	0	0	0	0	0	0	7	1
9	10	0	0	0	0	0	0	7	1
10	11	0	0	0	0	0	0	7	1
11	12	0	0	0	0	0	0	7	1
12	13	0	0	0	0	0	0	7	1
13	14	0	0	0	0	0	0	7	1
14	15	0	0	0	0	0	0	7	1
15	16	0	0	0	0	0	0	7	1
16	17	0	0	0	0	0	0	7	1
17	18	0	0	0	0	0	0	7	1
18	19	0	0	0	0	0	0	7	1
19	20	0	0	0	0	0	0	7	1
20	21	0	0	0	0	0	0	7	1
21	22	0	0	0	0	0	0	7	1
22	23	0	0	0	0	0	0	7	1
23	24	0	0	0	0	0	0	7	1
24	25	0	0	0	0	0	0	7	1
25	26	0	0	0	0	0	0	7	1
26	27	0	0	0	0	0	0	7	1
27	28	0	0	0	0	0	0	7	1
28	29	0	0	0	0	0	0	7	1
29	30	0	0	0	0	0	0	7	1
30	31	0	0	0	0	0	0	7	1

1	
0.008	2.60E+04
0	0
-0.00025	-8.13E+02
-0.0005	-1.63E+03
-0.00075	-2.44E+03
-0.001	-3.25E+03
-0.00125	-4.06E+03
-0.0015	-4.88E+03
-0.002	-6.50E+03
-0.005	-1.63E+04
-0.006	-19500
-0.007	-22750
0.2	0
0	0
0	


1	1	0	1
1	2	0	1
1	3	0	1
1	4	0	1
1	5	0	1
1	6	0	1
31	1	0	1
31	2	0	1
31	3	0	1
31	4	0	1
31	5	0	1
31	6	0	1
1	1	0	2
1	2	0	2
1	3	0	2
1	4	0	2
1	5	0	2
1	6	0	2
31	1	0	2
31	2	0	2
31	3	0	2
31	4	0	2
31	5	0	2
31	6	0	2
1	1	0	3
1	2	0	3
1	3	0	3
1	4	0	3
1	5	0	3
1	6	0	3
31	1	0	3
31	2	0	3
31	3	0	3
31	4	0	3
31	5	0	3
31	6	0	3
1	1	0	4
1	2	0	4
1	3	0	4
1	4	0	4
1	5	0	4
1	6	0	4
31	1	0	4
31	2	0	4
31	3	0	4
31	4	0	4
31	5	0	4
31	6	0	4
1	1	0	5
1	2	0	5
1	3	0	5
1	4	0	5
1	5	0	5
1	6	0	5
31	1	0	5
31	2	0	5
31	3	0	5
31	4	0	5
31	5	0	5
31	6	0	5
1	1	0	6
1	2	0	6
1	3	0	6
1	4	0	6
1	5	0	6
1	6	0	6
31	1	0	6
31	2	0	6
31	3	0	6
31	4	0	6
31	5	0	6
31	6	0	6
1	1	0	7
1	2	0	7
1	3	0	7
1	4	0	7
1	5	0	7
1	6	0	7
31	1	0	7
31	2	0	7
31	3	0	7
31	4	0	7
31	5	0	7
31	6	0	7
1	1	0	8
1	2	0	8
1	3	0	8
1	4	0	8
1	5	0	8
1	6	0	8
31	1	0	8
31	2	0	8
31	3	0	8
31	4	0	8
31	5	0	8
31	6	0	8
1	1	0	9
1	2	0	9
1	3	0	9
1	4	0	9
1	5	0	9
1	6	0	9
31	1	0	9
31	2	0	9
31	3	0	9
31	4	0	9
31	5	0	9
31	6	0	9
1	1	0	10
1	2	0	10
1	3	0	10
1	4	0	10
1	5	0	10
1	6	0	10
31	1	0	10
31	2	0	10
31	3	0	10
31	4	0	10
31	5	0	10
31	6	0	10


2	1	2	-1000	1
2	2	2	-1000	1
2	3	2	-1000	1
2	4	2	-1000	1
2	5	2	-1000	1
2	6	2	-1000	1
2	7	2	-1000	1
2	8	2	-1000	1
2	9	2	-1000	1
2	10	2	-1000	1
2	11	2	-1000	1
2	12	2	-1000	1
2	13	2	-1000	1
2	14	2	-1000	1
2	15	2	-1000	1
2	16	2	-1000	1
2	17	2	-1000	1
2	18	2	-1000	1
2	19	2	-1000	1
2	20	2	-1000	1
2	21	2	-1000	1
2	22	2	-1000	1
2	23	2	-1000	1
2	24	2	-1000	1
2	25	2	-1000	1
2	26	2	-1000	1
2	27	2	-1000	1
2	28	2	-1000	1
2	29	2	-1000	1
2	30	2	-1000	1



0	0	1	0
0	0	1600	1
0	40	1600	1
0	80	1600	1
40	0	1600	1
40	40	1600	1
80	80	1600	1
0	0	1600	1
0	40	1600	1
0	80	1600	1
-40	0	1600	1
-40	40	1600	1
-80	80	1600	1
0	0	1600	1
0	-40	1600	1
0	-80	1600	1
40	0	1600	1
40	-40	1600	1
80	-80	1600	1
0	0	1600	1
0	-40	1600	1
0	-80	1600	1
-40	0	1600	1
-40	-40	1600	1
-80	-80	1600	1
0	0	0	0
0	0	0	0
0	0	0	0
0	0	0	0
0	0	0	0
0	0	0	0
0	0	0	0
0	0	0	0
0	0	0	0
0	0	0	0
0	0	0	0
0	0	0	0
0	0	0	0
0	0	0	0
0	0	0	0



1	1	1	1	1	1	1	1	1	1
1	1	1	1	1	1	1	1	1	1
1	1	1	1	1	1	1	1	1	1
1									
									
1	1	1	1	1	1	1	1	1	1
1	1	1	1	1	1	1	1	1	1
1	1	1	1	1	1	1	1	1	1
1									
									
1	1	1	1	1	1	1	1	1	1
1	1	1	1	1	1	1	1	1	1
1	1	1	1	1	1	1	1	1	1
1									
									
1	1	1	1	1	1	1	1	1	1
1	1	1	1	1	1	1	1	1	1
1	1	1	1	1	1	1	1	1	1
1									
									
1	1	1	1	1	1	1	1	1	1
1	1	1	1	1	1	1	1	1	1
1	1	1	1	1	1	1	1	1	1
1									
									
1	1	1	1	1	1	1	1	1	1
1	1	1	1	1	1	1	1	1	1
1	1	1	1	1	1	1	1	1	1
1									
									
1	1	1	1	1	1	1	1	1	1
1	1	1	1	1	1	1	1	1	1
1	1	1	1	1	1	1	1	1	1
1									
									
1	1	1	1	1	1	1	1	1	1
1	1	1	1	1	1	1	1	1	1
1	1	1	1	1	1	1	1	1	1
1									
									
1	1	1	1	1	1	1	1	1	1
1	1	1	1	1	1	1	1	1	1
1	1	1	1	1	1	1	1	1	1
1									
									
1	1	1	1	1	1	1	1	1	1
1	1	1	1	1	1	1	1	1	1
1	1	1	1	1	1	1	1	1	1
1									
								

10	10	10	10	10	10	10	10	10	10

1	30	40
2	40	50
3	50	60
4	60	70
5	70	80
6	80	90
7	90	100
8	100	110
9	110	120
10	120	1000

1	30	1	333.3333333	0.6	0	3	0	0	0	0	0	0	0	3
2	30	1	333.3333333	0.6	0	3	0	0	0	0	0	0	0	3
3	30	1	333.3333333	0.6	0	3	0	0	0	0	0	0	0	3
4	30	1	333.3333333	0.6	0	3	0	0	0	0	0	0	0	3
5	30	1	333.3333333	0.6	0	3	0	0	0	0	0	0	0	3
6	30	1	333.3333333	0.6	0	3	0	0	0	0	0	0	0	3
7	30	1	333.3333333	0.6	0	3	0	0	0	0	0	0	0	3
8	30	1	333.3333333	0.6	0	3	0	0	0	0	0	0	0	3
9	30	1	333.3333333	0.6	0	3	0	0	0	0	0	0	0	3
10	30	1	333.3333333	0.6	0	3	0	0	0	0	0	0	0	3
11	30	1	333.3333333	0.6	0	3	0	0	0	0	0	0	0	3
12	30	1	333.3333333	0.6	0	3	0	0	0	0	0	0	0	3
13	30	1	333.3333333	0.6	0	3	0	0	0	0	0	0	0	3
14	30	1	333.3333333	0.6	0	3	0	0	0	0	0	0	0	3
15	30	1	333.3333333	0.6	0	3	0	0	0	0	0	0	0	3
16	30	1	333.3333333	0.6	0	3	0	0	0	0	0	0	0	3
17	30	1	333.3333333	0.6	0	3	0	0	0	0	0	0	0	3
18	30	1	333.3333333	0.6	0	3	0	0	0	0	0	0	0	3
19	30	1	333.3333333	0.6	0	3	0	0	0	0	0	0	0	3
20	30	1	333.3333333	0.6	0	3	0	0	0	0	0	0	0	3
21	30	1	333.3333333	0.6	0	3	0	0	0	0	0	0	0	3
22	30	1	333.3333333	0.6	0	3	0	0	0	0	0	0	0	3
23	30	1	333.3333333	0.6	0	3	0	0	0	0	0	0	0	3
24	30	1	333.3333333	0.6	0	3	0	0	0	0	0	0	0	3
25	30	1	333.3333333	0.6	0	3	0	0	0	0	0	0	0	3
26	30	1	333.3333333	0.6	0	3	0	0	0	0	0	0	0	3
27	30	1	333.3333333	0.6	0	3	0	0	0	0	0	0	0	3
28	30	1	333.3333333	0.6	0	3	0	0	0	0	0	0	0	3
29	30	1	333.3333333	0.6	0	3	0	0	0	0	0	0	0	3
30	30	1	333.3333333	0.6	0	3	0	0	0	0	0	0	0	3


1	0.54156308
5	0.781876838
10	0.88128336
20	0.965805486
28	1
100	1.089353795
200	1.116577287
1000	1.1470391
2000	1.152590273
5000	1.156693001


