30 31 1
120 30 1
10		
0		
7.00E-05		
1		
1		
0		
0		

0	0	0
4	3.38872	0
8	6.46255	0
12	9.23999	0
16	11.73772	0
20	13.97079	0
24	15.9526	0
28	17.69509	0
32	19.20874	0
36	20.50264	0
40	21.58459	0
44	22.46107	0
48	23.13738	0
52	23.61757	0
56	23.90454	0
60	24	0
64	23.90454	0
68	23.61757	0
72	23.13738	0
76	22.46107	0
80	21.58459	0
84	20.50264	0
88	19.20874	0
92	17.69509	0
96	15.9526	0
100	13.97079	0
104	11.73772	0
108	9.23999	0
112	6.46255	0
116	3.38872	0
120	0	0



1	2	0	0	0	0	0	0	7	1
2	3	0	0	0	0	0	0	7	1
3	4	0	0	0	0	0	0	7	1
4	5	0	0	0	0	0	0	7	1
5	6	0	0	0	0	0	0	7	1
6	7	0	0	0	0	0	0	7	1
7	8	0	0	0	0	0	0	7	1
8	9	0	0	0	0	0	0	7	1
9	10	0	0	0	0	0	0	7	1
10	11	0	0	0	0	0	0	7	1
11	12	0	0	0	0	0	0	7	1
12	13	0	0	0	0	0	0	7	1
13	14	0	0	0	0	0	0	7	1
14	15	0	0	0	0	0	0	7	1
15	16	0	0	0	0	0	0	7	1
16	17	0	0	0	0	0	0	7	1
17	18	0	0	0	0	0	0	7	1
18	19	0	0	0	0	0	0	7	1
19	20	0	0	0	0	0	0	7	1
20	21	0	0	0	0	0	0	7	1
21	22	0	0	0	0	0	0	7	1
22	23	0	0	0	0	0	0	7	1
23	24	0	0	0	0	0	0	7	1
24	25	0	0	0	0	0	0	7	1
25	26	0	0	0	0	0	0	7	1
26	27	0	0	0	0	0	0	7	1
27	28	0	0	0	0	0	0	7	1
28	29	0	0	0	0	0	0	7	1
29	30	0	0	0	0	0	0	7	1
30	31	0	0	0	0	0	0	7	1

1	
1.30E-04	4800000
0	0
-0.000262377	-9234000
-0.000524755	-17496000
-0.000787132	-24786000
-0.00104951	-31104000
-0.001311887	-36450000
-0.001574265	-40824000
-0.001836642	-44226000
-0.00209902	-46656000
-0.002361397	-48114000
-0.002623775	-48600000
0.13	0	0	0	0

	


1	1	0	1
1	2	0	1
1	3	0	1
1	4	0	1
1	5	0	1
1	6	0	1
31	1	0	1
31	2	0	1
31	3	0	1
31	4	0	1
31	5	0	1
31	6	0	1
1	1	0	2
1	2	0	2
1	3	0	2
1	4	0	2
1	5	0	2
1	6	0	2
31	1	0	2
31	2	0	2
31	3	0	2
31	4	0	2
31	5	0	2
31	6	0	2
1	1	0	3
1	2	0	3
1	3	0	3
1	4	0	3
1	5	0	3
1	6	0	3
31	1	0	3
31	2	0	3
31	3	0	3
31	4	0	3
31	5	0	3
31	6	0	3
1	1	0	4
1	2	0	4
1	3	0	4
1	4	0	4
1	5	0	4
1	6	0	4
31	1	0	4
31	2	0	4
31	3	0	4
31	4	0	4
31	5	0	4
31	6	0	4
1	1	0	5
1	2	0	5
1	3	0	5
1	4	0	5
1	5	0	5
1	6	0	5
31	1	0	5
31	2	0	5
31	3	0	5
31	4	0	5
31	5	0	5
31	6	0	5
1	1	0	6
1	2	0	6
1	3	0	6
1	4	0	6
1	5	0	6
1	6	0	6
31	1	0	6
31	2	0	6
31	3	0	6
31	4	0	6
31	5	0	6
31	6	0	6
1	1	0	7
1	2	0	7
1	3	0	7
1	4	0	7
1	5	0	7
1	6	0	7
31	1	0	7
31	2	0	7
31	3	0	7
31	4	0	7
31	5	0	7
31	6	0	7
1	1	0	8
1	2	0	8
1	3	0	8
1	4	0	8
1	5	0	8
1	6	0	8
31	1	0	8
31	2	0	8
31	3	0	8
31	4	0	8
31	5	0	8
31	6	0	8
1	1	0	9
1	2	0	9
1	3	0	9
1	4	0	9
1	5	0	9
1	6	0	9
31	1	0	9
31	2	0	9
31	3	0	9
31	4	0	9
31	5	0	9
31	6	0	9
1	1	0	10
1	2	0	10
1	3	0	10
1	4	0	10
1	5	0	10
1	6	0	10
31	1	0	10
31	2	0	10
31	3	0	10
31	4	0	10
31	5	0	10
31	6	0	10


2	1	2	-1000	1
2	2	2	-1000	1
2	3	2	-1000	1
2	4	2	-1000	1
2	5	2	-1000	1
2	6	2	-1000	1
2	7	2	-1000	1
2	8	2	-1000	1
2	9	2	-1000	1
2	10	2	-1000	1
2	11	2	-1000	1
2	12	2	-1000	1
2	13	2	-1000	1
2	14	2	-1000	1
2	15	2	-1000	1
2	16	2	-1000	1
2	17	2	-1000	1
2	18	2	-1000	1
2	19	2	-1000	1
2	20	2	-1000	1
2	21	2	-1000	1
2	22	2	-1000	1
2	23	2	-1000	1
2	24	2	-1000	1
2	25	2	-1000	1
2	26	2	-1000	1
2	27	2	-1000	1
2	28	2	-1000	1
2	29	2	-1000	1
2	30	2	-1000	1



0	0	1	0
0	0	0.017777778	1
0	0.133333333	0.017777778	1
0	0.266666667	0.017777778	1
0	0.4	0.017777778	1
0	0.533333333	0.017777778	1
0	0.666666667	0.017777778	1
0	0.8	0.017777778	1
0	0.933333333	0.017777778	1
0	-0.133333333	0.017777778	1
0	-0.266666667	0.017777778	1
0	-0.4	0.017777778	1
0	-0.533333333	0.017777778	1
0	-0.666666667	0.017777778	1
0	-0.8	0.017777778	1
0	-0.933333333	0.017777778	1
0.133333333	0	0.017777778	1
0.133333333	0.133333333	0.017777778	1
0.133333333	0.266666667	0.017777778	1
0.133333333	0.4	0.017777778	1
0.133333333	0.533333333	0.017777778	1
0.133333333	0.666666667	0.017777778	1
0.133333333	0.8	0.017777778	1
0.133333333	0.933333333	0.017777778	1
0.133333333	-0.133333333	0.017777778	1
0.133333333	-0.266666667	0.017777778	1
0.133333333	-0.4	0.017777778	1
0.133333333	-0.533333333	0.017777778	1
0.133333333	-0.666666667	0.017777778	1
0.133333333	-0.8	0.017777778	1
0.133333333	-0.933333333	0.017777778	1
0.266666667	0	0.017777778	1
0.266666667	0.133333333	0.017777778	1
0.266666667	0.266666667	0.017777778	1
0.266666667	0.4	0.017777778	1
0.266666667	0.533333333	0.017777778	1
0.266666667	0.666666667	0.017777778	1
0.266666667	0.8	0.017777778	1
0.266666667	0.933333333	0.017777778	1
0.266666667	-0.133333333	0.017777778	1
0.266666667	-0.266666667	0.017777778	1
0.266666667	-0.4	0.017777778	1
0.266666667	-0.533333333	0.017777778	1
0.266666667	-0.666666667	0.017777778	1
0.266666667	-0.8	0.017777778	1
0.266666667	-0.933333333	0.017777778	1
0.4	0	0.017777778	1
0.4	0.133333333	0.017777778	1
0.4	0.266666667	0.017777778	1
0.4	0.4	0.017777778	1
0.4	0.533333333	0.017777778	1
0.4	0.666666667	0.017777778	1
0.4	0.8	0.017777778	1
0.4	0.933333333	0.017777778	1
0.4	-0.133333333	0.017777778	1
0.4	-0.266666667	0.017777778	1
0.4	-0.4	0.017777778	1
0.4	-0.533333333	0.017777778	1
0.4	-0.666666667	0.017777778	1
0.4	-0.8	0.017777778	1
0.4	-0.933333333	0.017777778	1
0.533333333	0	0.017777778	1
0.533333333	0.133333333	0.017777778	1
0.533333333	0.266666667	0.017777778	1
0.533333333	0.4	0.017777778	1
0.533333333	0.533333333	0.017777778	1
0.533333333	0.666666667	0.017777778	1
0.533333333	0.8	0.017777778	1
0.533333333	0.933333333	0.017777778	1
0.533333333	-0.133333333	0.017777778	1
0.533333333	-0.266666667	0.017777778	1
0.533333333	-0.4	0.017777778	1
0.533333333	-0.533333333	0.017777778	1
0.533333333	-0.666666667	0.017777778	1
0.533333333	-0.8	0.017777778	1
0.533333333	-0.933333333	0.017777778	1
0.666666667	0	0.017777778	1
0.666666667	0.133333333	0.017777778	1
0.666666667	0.266666667	0.017777778	1
0.666666667	0.4	0.017777778	1
0.666666667	0.533333333	0.017777778	1
0.666666667	0.666666667	0.017777778	1
0.666666667	0.8	0.017777778	1
0.666666667	0.933333333	0.017777778	1
0.666666667	-0.133333333	0.017777778	1
0.666666667	-0.266666667	0.017777778	1
0.666666667	-0.4	0.017777778	1
0.666666667	-0.533333333	0.017777778	1
0.666666667	-0.666666667	0.017777778	1
0.666666667	-0.8	0.017777778	1
0.666666667	-0.933333333	0.017777778	1
0.8	0	0.017777778	1
0.8	0.133333333	0.017777778	1
0.8	0.266666667	0.017777778	1
0.8	0.4	0.017777778	1
0.8	0.533333333	0.017777778	1
0.8	0.666666667	0.017777778	1
0.8	0.8	0.017777778	1
0.8	0.933333333	0.017777778	1
0.8	-0.133333333	0.017777778	1
0.8	-0.266666667	0.017777778	1
0.8	-0.4	0.017777778	1
0.8	-0.533333333	0.017777778	1
0.8	-0.666666667	0.017777778	1
0.8	-0.8	0.017777778	1
0.8	-0.933333333	0.017777778	1
0.933333333	0	0.017777778	1
0.933333333	0.133333333	0.017777778	1
0.933333333	0.266666667	0.017777778	1
0.933333333	0.4	0.017777778	1
0.933333333	0.533333333	0.017777778	1
0.933333333	0.666666667	0.017777778	1
0.933333333	0.8	0.017777778	1
0.933333333	0.933333333	0.017777778	1
0.933333333	-0.133333333	0.017777778	1
0.933333333	-0.266666667	0.017777778	1
0.933333333	-0.4	0.017777778	1
0.933333333	-0.533333333	0.017777778	1
0.933333333	-0.666666667	0.017777778	1
0.933333333	-0.8	0.017777778	1
0.933333333	-0.933333333	0.017777778	1
-0.133333333	0	0.017777778	1
-0.133333333	0.133333333	0.017777778	1
-0.133333333	0.266666667	0.017777778	1
-0.133333333	0.4	0.017777778	1
-0.133333333	0.533333333	0.017777778	1
-0.133333333	0.666666667	0.017777778	1
-0.133333333	0.8	0.017777778	1
-0.133333333	0.933333333	0.017777778	1
-0.133333333	-0.133333333	0.017777778	1
-0.133333333	-0.266666667	0.017777778	1
-0.133333333	-0.4	0.017777778	1
-0.133333333	-0.533333333	0.017777778	1
-0.133333333	-0.666666667	0.017777778	1
-0.133333333	-0.8	0.017777778	1
-0.133333333	-0.933333333	0.017777778	1
-0.266666667	0	0.017777778	1
-0.266666667	0.133333333	0.017777778	1
-0.266666667	0.266666667	0.017777778	1
-0.266666667	0.4	0.017777778	1
-0.266666667	0.533333333	0.017777778	1
-0.266666667	0.666666667	0.017777778	1
-0.266666667	0.8	0.017777778	1
-0.266666667	0.933333333	0.017777778	1
-0.266666667	-0.133333333	0.017777778	1
-0.266666667	-0.266666667	0.017777778	1
-0.266666667	-0.4	0.017777778	1
-0.266666667	-0.533333333	0.017777778	1
-0.266666667	-0.666666667	0.017777778	1
-0.266666667	-0.8	0.017777778	1
-0.266666667	-0.933333333	0.017777778	1
-0.4	0	0.017777778	1
-0.4	0.133333333	0.017777778	1
-0.4	0.266666667	0.017777778	1
-0.4	0.4	0.017777778	1
-0.4	0.533333333	0.017777778	1
-0.4	0.666666667	0.017777778	1
-0.4	0.8	0.017777778	1
-0.4	0.933333333	0.017777778	1
-0.4	-0.133333333	0.017777778	1
-0.4	-0.266666667	0.017777778	1
-0.4	-0.4	0.017777778	1
-0.4	-0.533333333	0.017777778	1
-0.4	-0.666666667	0.017777778	1
-0.4	-0.8	0.017777778	1
-0.4	-0.933333333	0.017777778	1
-0.533333333	0	0.017777778	1
-0.533333333	0.133333333	0.017777778	1
-0.533333333	0.266666667	0.017777778	1
-0.533333333	0.4	0.017777778	1
-0.533333333	0.533333333	0.017777778	1
-0.533333333	0.666666667	0.017777778	1
-0.533333333	0.8	0.017777778	1
-0.533333333	0.933333333	0.017777778	1
-0.533333333	-0.133333333	0.017777778	1
-0.533333333	-0.266666667	0.017777778	1
-0.533333333	-0.4	0.017777778	1
-0.533333333	-0.533333333	0.017777778	1
-0.533333333	-0.666666667	0.017777778	1
-0.533333333	-0.8	0.017777778	1
-0.533333333	-0.933333333	0.017777778	1
-0.666666667	0	0.017777778	1
-0.666666667	0.133333333	0.017777778	1
-0.666666667	0.266666667	0.017777778	1
-0.666666667	0.4	0.017777778	1
-0.666666667	0.533333333	0.017777778	1
-0.666666667	0.666666667	0.017777778	1
-0.666666667	0.8	0.017777778	1
-0.666666667	0.933333333	0.017777778	1
-0.666666667	-0.133333333	0.017777778	1
-0.666666667	-0.266666667	0.017777778	1
-0.666666667	-0.4	0.017777778	1
-0.666666667	-0.533333333	0.017777778	1
-0.666666667	-0.666666667	0.017777778	1
-0.666666667	-0.8	0.017777778	1
-0.666666667	-0.933333333	0.017777778	1
-0.8	0	0.017777778	1
-0.8	0.133333333	0.017777778	1
-0.8	0.266666667	0.017777778	1
-0.8	0.4	0.017777778	1
-0.8	0.533333333	0.017777778	1
-0.8	0.666666667	0.017777778	1
-0.8	0.8	0.017777778	1
-0.8	0.933333333	0.017777778	1
-0.8	-0.133333333	0.017777778	1
-0.8	-0.266666667	0.017777778	1
-0.8	-0.4	0.017777778	1
-0.8	-0.533333333	0.017777778	1
-0.8	-0.666666667	0.017777778	1
-0.8	-0.8	0.017777778	1
-0.8	-0.933333333	0.017777778	1
-0.933333333	0	0.017777778	1
-0.933333333	0.133333333	0.017777778	1
-0.933333333	0.266666667	0.017777778	1
-0.933333333	0.4	0.017777778	1
-0.933333333	0.533333333	0.017777778	1
-0.933333333	0.666666667	0.017777778	1
-0.933333333	0.8	0.017777778	1
-0.933333333	0.933333333	0.017777778	1
-0.933333333	-0.133333333	0.017777778	1
-0.933333333	-0.266666667	0.017777778	1
-0.933333333	-0.4	0.017777778	1
-0.933333333	-0.533333333	0.017777778	1
-0.933333333	-0.666666667	0.017777778	1
-0.933333333	-0.8	0.017777778	1
0	0	0	0
0	0	0	0
0	0	0	0
0	0	0	0
0	0	0	0
0	0	0	0
0	0	0	0
0	0	0	0
0	0	0	0
0	0	0	0
0	0	0	0
0	0	0	0
0	0	0	0
0	0	0	0
0	0	0	0
0	0	0	0
0	0	0	0
0	0	0	0
0	0	0	0
0	0	0	0
0	0	0	0
0	0	0	0
0	0	0	0
0	0	0	0
0	0	0	0
0	0	0	0
0	0	0	0
0	0	0	0
0	0	0	0
0	0	0	0
0	0	0	0
0	0	0	0
0	0	0	0
0	0	0	0
0	0	0	0
0	0	0	0
0	0	0	0
0	0	0	0
0	0	0	0
0	0	0	0
0	0	0	0
0	0	0	0
0	0	0	0
0	0	0	0
0	0	0	0
0	0	0	0
0	0	0	0
0	0	0	0
0	0	0	0
0	0	0	0
0	0	0	0
0	0	0	0
0	0	0	0
0	0	0	0
0	0	0	0
0	0	0	0
0	0	0	0
0	0	0	0
0	0	0	0
0	0	0	0
0	0	0	0
0	0	0	0
0	0	0	0
0	0	0	0
0	0	0	0
0	0	0	0
0	0	0	0
0	0	0	0
0	0	0	0
0	0	0	0
0	0	0	0
0	0	0	0
0	0	0	0
0	0	0	0
0	0	0	0



1	1	1	1	1	1	1	1	1	1
1	1	1	1	1	1	1	1	1	1
1	1	1	1	1	1	1	1	1	1
1									
1	1	1	1	1	1	1	1	1	1
1	1	1	1	1	1	1	1	1	1
1	1	1	1	1	1	1	1	1	1
1									
1	1	1	1	1	1	1	1	1	1
1	1	1	1	1	1	1	1	1	1
1	1	1	1	1	1	1	1	1	1
1									
1	1	1	1	1	1	1	1	1	1
1	1	1	1	1	1	1	1	1	1
1	1	1	1	1	1	1	1	1	1
1									
1	1	1	1	1	1	1	1	1	1
1	1	1	1	1	1	1	1	1	1
1	1	1	1	1	1	1	1	1	1
1									
1	1	1	1	1	1	1	1	1	1
1	1	1	1	1	1	1	1	1	1
1	1	1	1	1	1	1	1	1	1
1									
1	1	1	1	1	1	1	1	1	1
1	1	1	1	1	1	1	1	1	1
1	1	1	1	1	1	1	1	1	1
1									
1	1	1	1	1	1	1	1	1	1
1	1	1	1	1	1	1	1	1	1
1	1	1	1	1	1	1	1	1	1
1									
1	1	1	1	1	1	1	1	1	1
1	1	1	1	1	1	1	1	1	1
1	1	1	1	1	1	1	1	1	1
1									
1	1	1	1	1	1	1	1	1	1
1	1	1	1	1	1	1	1	1	1
1	1	1	1	1	1	1	1	1	1
1									
		
								

10	10	10	10	10	10	10	10	10	10

1	28	28
2	28	50
3	50	60
4	60	70
5	70	80
6	80	90
7	90	100
8	100	110
9	110	120
10	120	1000

1	0	1	98.33055092	0.75	0	3	0	0	0	0	0	0	0	3
2	0	1	98.33055092	0.75	0	3	0	0	0	0	0	0	0	3
3	0	1	98.33055092	0.75	0	3	0	0	0	0	0	0	0	3
4	0	1	98.33055092	0.75	0	3	0	0	0	0	0	0	0	3
5	0	1	98.33055092	0.75	0	3	0	0	0	0	0	0	0	3
6	0	1	98.33055092	0.75	0	3	0	0	0	0	0	0	0	3
7	0	1	98.33055092	0.75	0	3	0	0	0	0	0	0	0	3
8	0	1	98.33055092	0.75	0	3	0	0	0	0	0	0	0	3
9	0	1	98.33055092	0.75	0	3	0	0	0	0	0	0	0	3
10	0	1	98.33055092	0.75	0	3	0	0	0	0	0	0	0	3
11	0	1	98.33055092	0.75	0	3	0	0	0	0	0	0	0	3
12	0	1	98.33055092	0.75	0	3	0	0	0	0	0	0	0	3
13	0	1	98.33055092	0.75	0	3	0	0	0	0	0	0	0	3
14	0	1	98.33055092	0.75	0	3	0	0	0	0	0	0	0	3
15	0	1	98.33055092	0.75	0	3	0	0	0	0	0	0	0	3
16	0	1	98.33055092	0.75	0	3	0	0	0	0	0	0	0	3
17	0	1	98.33055092	0.75	0	3	0	0	0	0	0	0	0	3
18	0	1	98.33055092	0.75	0	3	0	0	0	0	0	0	0	3
19	0	1	98.33055092	0.75	0	3	0	0	0	0	0	0	0	3
20	0	1	98.33055092	0.75	0	3	0	0	0	0	0	0	0	3


28	0.999985376
32	1.009964039
38	1.0218417
45	1.032511506
55	1.043939387
75	1.059175879
100	1.070957258
140	1.082267272
180	1.089228746
1200	1.116030036


