30	31	1
12	30	1
1		
0		
1.00E-05		
1		
0		
0		
0		

0.000 	0.000 	0.000 
400.000 	338.872 	0.000 
800.000 	646.255 	0.000 
1200.000 	923.999 	0.000 
1600.000 	1173.772 	0.000 
2000.000 	1397.079 	0.000 
2400.000 	1595.260 	0.000 
2800.000 	1769.509 	0.000 
3200.000 	1920.874 	0.000 
3600.000 	2050.264 	0.000 
4000.000 	2158.459 	0.000 
4400.000 	2246.107 	0.000 
4800.000 	2313.738 	0.000 
5200.000 	2361.757 	0.000 
5600.000 	2390.454 	0.000 
6000.000 	2400.000 	0.000 
6400.000 	2390.454 	0.000 
6800.000 	2361.757 	0.000 
7200.000 	2313.738 	0.000 
7600.000 	2246.107 	0.000 
8000.000 	2158.459 	0.000 
8400.000 	2050.264 	0.000 
8800.000 	1920.874 	0.000 
9200.000 	1769.509 	0.000 
9600.000 	1595.260 	0.000 
10000.000 	1397.079 	0.000 
10400.000 	1173.772 	0.000 
10800.000 	923.999 	0.000 
11200.000 	646.255 	0.000 
11600.000 	338.872 	0.000 
12000.000 	0.000 	0.000 

1	2	0	0	0	0	0	0	7	1
2	3	0	0	0	0	0	0	7	1
3	4	0	0	0	0	0	0	7	1
4	5	0	0	0	0	0	0	7	1
5	6	0	0	0	0	0	0	7	1
6	7	0	0	0	0	0	0	7	1
7	8	0	0	0	0	0	0	7	1
8	9	0	0	0	0	0	0	7	1
9	10	0	0	0	0	0	0	7	1
10	11	0	0	0	0	0	0	7	1
11	12	0	0	0	0	0	0	7	1
12	13	0	0	0	0	0	0	7	1
13	14	0	0	0	0	0	0	7	1
14	15	0	0	0	0	0	0	7	1
15	16	0	0	0	0	0	0	7	1
16	17	0	0	0	0	0	0	7	1
17	18	0	0	0	0	0	0	7	1
18	19	0	0	0	0	0	0	7	1
19	20	0	0	0	0	0	0	7	1
20	21	0	0	0	0	0	0	7	1
21	22	0	0	0	0	0	0	7	1
22	23	0	0	0	0	0	0	7	1
23	24	0	0	0	0	0	0	7	1
24	25	0	0	0	0	0	0	7	1
25	26	0	0	0	0	0	0	7	1
26	27	0	0	0	0	0	0	7	1
27	28	0	0	0	0	0	0	7	1
28	29	0	0	0	0	0	0	7	1
29	30	0	0	0	0	0	0	7	1
30	31	0	0	0	0	0	0	7	1

1	
0.008	2.60E+04
0	0
-0.00025	-8.13E+02
-0.0005	-1.63E+03
-0.00075	-2.44E+03
-0.001	-3.25E+03
-0.00125	-4.06E+03
-0.0015	-4.88E+03
-0.002	-6.50E+03
-0.005	-1.63E+04
-0.006	-19500
-0.007	-22750
0.2	0
0	0
0	


1	1	0	1
1	2	0	1
1	3	0	1
1	4	0	1
1	5	0	1
1	6	0	1
31	1	0	1
31	2	0	1
31	3	0	1
31	4	0	1
31	5	0	1
31	6	0	1

2	1	2	-1000	1
2	2	2	-1000	1
2	3	2	-1000	1
2	4	2	-1000	1
2	5	2	-1000	1
2	6	2	-1000	1
2	7	2	-1000	1
2	8	2	-1000	1
2	9	2	-1000	1
2	10	2	-1000	1
2	11	2	-1000	1
2	12	2	-1000	1
2	13	2	-1000	1
2	14	2	-1000	1
2	15	2	-1000	1
2	16	2	-1000	1
2	17	2	-1000	1
2	18	2	-1000	1
2	19	2	-1000	1
2	20	2	-1000	1
2	21	2	-1000	1
2	22	2	-1000	1
2	23	2	-1000	1
2	24	2	-1000	1
2	25	2	-1000	1
2	26	2	-1000	1
2	27	2	-1000	1
2	28	2	-1000	1
2	29	2	-1000	1
2	30	2	-1000	1







0	0	1	0
0	0	177.7777778	1
0	13.33333333	177.7777778	1
0	26.66666667	177.7777778	1
0	40	177.7777778	1
0	53.33333333	177.7777778	1
0	66.66666667	177.7777778	1
0	80	177.7777778	1
0	93.33333333	177.7777778	1
0	-13.33333333	177.7777778	1
0	-26.66666667	177.7777778	1
0	-40	177.7777778	1
0	-53.33333333	177.7777778	1
0	-66.66666667	177.7777778	1
0	-80	177.7777778	1
0	-93.33333333	177.7777778	1
13.33333333	0	177.7777778	1
13.33333333	13.33333333	177.7777778	1
13.33333333	26.66666667	177.7777778	1
13.33333333	40	177.7777778	1
13.33333333	53.33333333	177.7777778	1
13.33333333	66.66666667	177.7777778	1
13.33333333	80	177.7777778	1
13.33333333	93.33333333	177.7777778	1
13.33333333	-13.33333333	177.7777778	1
13.33333333	-26.66666667	177.7777778	1
13.33333333	-40	177.7777778	1
13.33333333	-53.33333333	177.7777778	1
13.33333333	-66.66666667	177.7777778	1
13.33333333	-80	177.7777778	1
13.33333333	-93.33333333	177.7777778	1
26.66666667	0	177.7777778	1
26.66666667	13.33333333	177.7777778	1
26.66666667	26.66666667	177.7777778	1
26.66666667	40	177.7777778	1
26.66666667	53.33333333	177.7777778	1
26.66666667	66.66666667	177.7777778	1
26.66666667	80	177.7777778	1
26.66666667	93.33333333	177.7777778	1
26.66666667	-13.33333333	177.7777778	1
26.66666667	-26.66666667	177.7777778	1
26.66666667	-40	177.7777778	1
26.66666667	-53.33333333	177.7777778	1
26.66666667	-66.66666667	177.7777778	1
26.66666667	-80	177.7777778	1
26.66666667	-93.33333333	177.7777778	1
40	0	177.7777778	1
40	13.33333333	177.7777778	1
40	26.66666667	177.7777778	1
40	40	177.7777778	1
40	53.33333333	177.7777778	1
40	66.66666667	177.7777778	1
40	80	177.7777778	1
40	93.33333333	177.7777778	1
40	-13.33333333	177.7777778	1
40	-26.66666667	177.7777778	1
40	-40	177.7777778	1
40	-53.33333333	177.7777778	1
40	-66.66666667	177.7777778	1
40	-80	177.7777778	1
40	-93.33333333	177.7777778	1
53.33333333	0	177.7777778	1
53.33333333	13.33333333	177.7777778	1
53.33333333	26.66666667	177.7777778	1
53.33333333	40	177.7777778	1
53.33333333	53.33333333	177.7777778	1
53.33333333	66.66666667	177.7777778	1
53.33333333	80	177.7777778	1
53.33333333	93.33333333	177.7777778	1
53.33333333	-13.33333333	177.7777778	1
53.33333333	-26.66666667	177.7777778	1
53.33333333	-40	177.7777778	1
53.33333333	-53.33333333	177.7777778	1
53.33333333	-66.66666667	177.7777778	1
53.33333333	-80	177.7777778	1
53.33333333	-93.33333333	177.7777778	1
66.66666667	0	177.7777778	1
66.66666667	13.33333333	177.7777778	1
66.66666667	26.66666667	177.7777778	1
66.66666667	40	177.7777778	1
66.66666667	53.33333333	177.7777778	1
66.66666667	66.66666667	177.7777778	1
66.66666667	80	177.7777778	1
66.66666667	93.33333333	177.7777778	1
66.66666667	-13.33333333	177.7777778	1
66.66666667	-26.66666667	177.7777778	1
66.66666667	-40	177.7777778	1
66.66666667	-53.33333333	177.7777778	1
66.66666667	-66.66666667	177.7777778	1
66.66666667	-80	177.7777778	1
66.66666667	-93.33333333	177.7777778	1
80	0	177.7777778	1
80	13.33333333	177.7777778	1
80	26.66666667	177.7777778	1
80	40	177.7777778	1
80	53.33333333	177.7777778	1
80	66.66666667	177.7777778	1
80	80	177.7777778	1
80	93.33333333	177.7777778	1
80	-13.33333333	177.7777778	1
80	-26.66666667	177.7777778	1
80	-40	177.7777778	1
80	-53.33333333	177.7777778	1
80	-66.66666667	177.7777778	1
80	-80	177.7777778	1
80	-93.33333333	177.7777778	1
93.33333333	0	177.7777778	1
93.33333333	13.33333333	177.7777778	1
93.33333333	26.66666667	177.7777778	1
93.33333333	40	177.7777778	1
93.33333333	53.33333333	177.7777778	1
93.33333333	66.66666667	177.7777778	1
93.33333333	80	177.7777778	1
93.33333333	93.33333333	177.7777778	1
93.33333333	-13.33333333	177.7777778	1
93.33333333	-26.66666667	177.7777778	1
93.33333333	-40	177.7777778	1
93.33333333	-53.33333333	177.7777778	1
93.33333333	-66.66666667	177.7777778	1
93.33333333	-80	177.7777778	1
93.33333333	-93.33333333	177.7777778	1
-13.33333333	0	177.7777778	1
-13.33333333	13.33333333	177.7777778	1
-13.33333333	26.66666667	177.7777778	1
-13.33333333	40	177.7777778	1
-13.33333333	53.33333333	177.7777778	1
-13.33333333	66.66666667	177.7777778	1
-13.33333333	80	177.7777778	1
-13.33333333	93.33333333	177.7777778	1
-13.33333333	-13.33333333	177.7777778	1
-13.33333333	-26.66666667	177.7777778	1
-13.33333333	-40	177.7777778	1
-13.33333333	-53.33333333	177.7777778	1
-13.33333333	-66.66666667	177.7777778	1
-13.33333333	-80	177.7777778	1
-13.33333333	-93.33333333	177.7777778	1
-26.66666667	0	177.7777778	1
-26.66666667	13.33333333	177.7777778	1
-26.66666667	26.66666667	177.7777778	1
-26.66666667	40	177.7777778	1
-26.66666667	53.33333333	177.7777778	1
-26.66666667	66.66666667	177.7777778	1
-26.66666667	80	177.7777778	1
-26.66666667	93.33333333	177.7777778	1
-26.66666667	-13.33333333	177.7777778	1
-26.66666667	-26.66666667	177.7777778	1
-26.66666667	-40	177.7777778	1
-26.66666667	-53.33333333	177.7777778	1
-26.66666667	-66.66666667	177.7777778	1
-26.66666667	-80	177.7777778	1
-26.66666667	-93.33333333	177.7777778	1
-40	0	177.7777778	1
-40	13.33333333	177.7777778	1
-40	26.66666667	177.7777778	1
-40	40	177.7777778	1
-40	53.33333333	177.7777778	1
-40	66.66666667	177.7777778	1
-40	80	177.7777778	1
-40	93.33333333	177.7777778	1
-40	-13.33333333	177.7777778	1
-40	-26.66666667	177.7777778	1
-40	-40	177.7777778	1
-40	-53.33333333	177.7777778	1
-40	-66.66666667	177.7777778	1
-40	-80	177.7777778	1
-40	-93.33333333	177.7777778	1
-53.33333333	0	177.7777778	1
-53.33333333	13.33333333	177.7777778	1
-53.33333333	26.66666667	177.7777778	1
-53.33333333	40	177.7777778	1
-53.33333333	53.33333333	177.7777778	1
-53.33333333	66.66666667	177.7777778	1
-53.33333333	80	177.7777778	1
-53.33333333	93.33333333	177.7777778	1
-53.33333333	-13.33333333	177.7777778	1
-53.33333333	-26.66666667	177.7777778	1
-53.33333333	-40	177.7777778	1
-53.33333333	-53.33333333	177.7777778	1
-53.33333333	-66.66666667	177.7777778	1
-53.33333333	-80	177.7777778	1
-53.33333333	-93.33333333	177.7777778	1
-66.66666667	0	177.7777778	1
-66.66666667	13.33333333	177.7777778	1
-66.66666667	26.66666667	177.7777778	1
-66.66666667	40	177.7777778	1
-66.66666667	53.33333333	177.7777778	1
-66.66666667	66.66666667	177.7777778	1
-66.66666667	80	177.7777778	1
-66.66666667	93.33333333	177.7777778	1
-66.66666667	-13.33333333	177.7777778	1
-66.66666667	-26.66666667	177.7777778	1
-66.66666667	-40	177.7777778	1
-66.66666667	-53.33333333	177.7777778	1
-66.66666667	-66.66666667	177.7777778	1
-66.66666667	-80	177.7777778	1
-66.66666667	-93.33333333	177.7777778	1
-80	0	177.7777778	1
-80	13.33333333	177.7777778	1
-80	26.66666667	177.7777778	1
-80	40	177.7777778	1
-80	53.33333333	177.7777778	1
-80	66.66666667	177.7777778	1
-80	80	177.7777778	1
-80	93.33333333	177.7777778	1
-80	-13.33333333	177.7777778	1
-80	-26.66666667	177.7777778	1
-80	-40	177.7777778	1
-80	-53.33333333	177.7777778	1
-80	-66.66666667	177.7777778	1
-80	-80	177.7777778	1
-80	-93.33333333	177.7777778	1
-93.33333333	0	177.7777778	1
-93.33333333	13.33333333	177.7777778	1
-93.33333333	26.66666667	177.7777778	1
-93.33333333	40	177.7777778	1
-93.33333333	53.33333333	177.7777778	1
-93.33333333	66.66666667	177.7777778	1
-93.33333333	80	177.7777778	1
-93.33333333	93.33333333	177.7777778	1
-93.33333333	-13.33333333	177.7777778	1
-93.33333333	-26.66666667	177.7777778	1
-93.33333333	-40	177.7777778	1
-93.33333333	-53.33333333	177.7777778	1
-93.33333333	-66.66666667	177.7777778	1
-93.33333333	-80	177.7777778	1
0	0	0	0
0	0	0	0
0	0	0	0
0	0	0	0
0	0	0	0
0	0	0	0
0	0	0	0
0	0	0	0
0	0	0	0
0	0	0	0
0	0	0	0
0	0	0	0
0	0	0	0
0	0	0	0
0	0	0	0
0	0	0	0
0	0	0	0
0	0	0	0
0	0	0	0
0	0	0	0
0	0	0	0
0	0	0	0
0	0	0	0
0	0	0	0
0	0	0	0
0	0	0	0
0	0	0	0
0	0	0	0
0	0	0	0
0	0	0	0
0	0	0	0
0	0	0	0
0	0	0	0
0	0	0	0
0	0	0	0
0	0	0	0
0	0	0	0
0	0	0	0
0	0	0	0
0	0	0	0
0	0	0	0
0	0	0	0
0	0	0	0
0	0	0	0
0	0	0	0
0	0	0	0
0	0	0	0
0	0	0	0
0	0	0	0
0	0	0	0
0	0	0	0
0	0	0	0
0	0	0	0
0	0	0	0
0	0	0	0
0	0	0	0
0	0	0	0
0	0	0	0
0	0	0	0
0	0	0	0
0	0	0	0
0	0	0	0
0	0	0	0
0	0	0	0
0	0	0	0
0	0	0	0
0	0	0	0
0	0	0	0
0	0	0	0
0	0	0	0
0	0	0	0
0	0	0	0
0	0	0	0
0	0	0	0
0	0	0	0





1	1	1	1	1	1	1	1	1	1
1	1	1	1	1	1	1	1	1	1
1	1	1	1	1	1	1	1	1	1
1									

20


